2.4925970829165327 26.0001041947463 115 None 0.8262721091886072 None 0.37253442500757394 20.893708054143026 0.40457274118957653 7.194422822081398 0.8713136042550619 0.2024559344651942
1.4695364750845765 26.000008278450682 82 None 0.4800652932610053 None 0.6216421309443424 22.05440328824069 0.2602582700831029 5.059236838718023 0.9064366581274718 0.12417727852917695
1.2534855926675033 26.00004186116507 114 None 0.4149840532927434 None 0.31285250534280173 22.008945965696633 0.3419691760383932 6.276360165560176 0.3282535078837135 0.2910787264235775
1.1419625894415282 26.000104625512567 97 None 0.3574683484339088 None 0.3185089492570907 21.38976087751416 0.2521592896134075 4.930361908472607 0.1904809559186004 0.09942019509311235
1.4219608746045007 26.000054446052243 92 None 0.328340872430751 None 0.5513386075213526 22.53218649271142 0.15438524745427923 5.685582829972856 1.0732019460419375 0.15806757926262782
1.169981793920317 26.000650651310266 102 None 0.280558214299975 None 0.40839227034150716 21.414939972787906 0.25569499871302104 6.048384515215747 0.12310719195160891 0.142629399582241
0.9662635068882608 26.002447560271015 92 None 0.36416706840668334 None 0.18927532966804117 21.732850264906382 0.17720784452594074 5.96485509376869 0.11159765677367987 0.15829553010414935
1.377750385933897 26.00019560947619 95 None 0.29352090323248287 None 0.3853319157284085 18.82966831861159 0.28203709328247034 4.53052504440272 0.12734713933943786 0.2706129692551329
16.27147007386367 30.50000328361663 85 None 4.501530825400099 None 14.46685272172659 17.28068635078685 4.246483092631336 2.771944841039492 0.1789958601812352 0.1310931832543215
0.875417516087038 26.00116434877669 102 None 0.3136080900955268 None 0.14283648934596982 21.759966005232265 0.16855423346559906 4.7977608986965095 0.03709353862101173 0.11678799216311682
25.83210324798819 4.828142199254801 None None None None 23.381636932618804 3.266013551348601 6.905431737108278 6.959105237171776 0.6450398302257376 0.19345729946059922
