15.348121692128439 9.348046669873282 82 None 4.668715212376748 None 12.976309688527817 7.643284624916568 3.8413921147863306 6.489434433341133 0.7165126563402473 0.12520889874511193
0.8736063844111941 26.00846615764951 82 None 0.1646371434239543 None 0.10688579899561867 24.14454582379267 0.14996565477321422 5.347532179206521 0.07693639222984938 0.1074175944699867
0.9094106109986833 26.001449646947012 94 None 0.2616125858839416 None 0.17558253934088652 21.797154315150614 0.20254908161613913 5.013631429264191 0.03596415729206431 0.4238252390140466
16.132658808439235 30.42979383670215 82 None 4.472696656805419 None 14.347574946649825 17.29556543527524 4.217829738621792 2.7777621005024526 0.17907665235784093 0.1832840014161356
1.0178852341449156 26.003152928654753 86 None 0.35561676336452414 None 0.25369233720789386 21.52161081265495 0.20300479640818458 5.730267559204897 0.1681227994115982 0.1698606988126272
1.171682763792743 26.00113145247662 82 None 0.350757019119728 None 0.33122777124108915 22.009803047165303 0.14645517854554047 5.761797518661902 0.1500689791456707 0.12259319217309272
1.1380739296688953 26.00013017929287 104 None 0.3827360987137406 None 0.35122661867838334 21.54103166122512 0.360788280781898 6.748247379313208 0.1356653175049165 0.2557978642743401
1.7570053719468257 26.000148601287357 83 None 0.3133661755723546 None 0.5723575724975565 21.128513915253826 0.17647743157998264 5.2522608847273355 0.9250149065832144 0.10777821066273961
1.5910799217368068 26.00198613906501 161 None 0.34172388792525815 None 0.8674454935943916 21.816852881195075 1.2866893060742015 6.25537861413876 0.9838505174707204 0.20689722986336537
36.76955262170047 27.66035724377319 76 None 12.899262991766346 None 8.010491211236605 24.044745910018413 4.873938127476284 7.005335631348621 1.2637131420089498 0.16951695099308864
36.76955262170047 36.76955262170047 None None None None 2.41227003440806 3.2872963246907716 4.792860026731992 1.7612895267625643 0.767802746960278 0.19343471727719638
