1.7763953949988163 26.002470885240196 93 None 0.551631154960354 None 0.3173324328080138 21.560300301528557 0.21933558004618464 6.614278140284817 0.08007768612757797 0.15607807112591493
1.3958159540139956 26.00005377076909 83 None 0.4310430637416421 None 0.6041602168245297 22.406914857601485 0.15550591533402 6.515580158095774 1.1003306772831132 0.6182388522427998
1.374001659616175 26.000638378916854 310 None 0.2966072917308558 None 0.6823116030547126 22.337603039031364 0.27142543288731347 7.33125474555821 1.0087843997235875 0.4534152288033214
1.4344029788930486 26.00001864387086 82 None 0.28230435908600066 None 0.6052933201789541 22.527231637414374 0.15034957601480825 5.9851253848223145 1.043723172328965 0.12531884664124093
1.418001744004921 26.000069055403987 83 None 0.21921902033887566 None 0.5714970373434644 22.534194660165607 0.1437620341245815 6.010862757554697 0.9834778536980939 0.13170830149477328
1.147365622344071 26.00049365162056 82 None 0.16729764154578056 None 0.4303456795182091 21.28016317505168 0.22192158393982972 5.583546869715347 0.11170869305052661 0.13335436376067525
1.4435314763814453 26.000007410323942 80 None 0.27310407216516075 None 0.5721081264326403 22.516359388470413 0.3212879889272266 5.502089105495103 0.9649680065738964 0.16308825224467233
1.1234644001702931 26.000427322843926 86 None 0.4352134957256451 None 0.4147912508143998 21.786211752112404 0.31799842685945556 5.466377464527904 0.13238293322595737 0.1339470755701168
1.1180850067906276 26.00040866859075 99 None 0.2405439527751502 None 0.32586751349159815 21.62874767013078 0.2978262835622015 5.2446146712432355 0.2938797627235728 0.16181513432119668
10.80461361117143 17.57535435207712 82 None 2.947908254137169 None 9.30393762349121 15.784934196603832 2.7338413912552895 4.618228004407053 0.14023342772559275 0.25408362583090016
1.8810626834722977 26.002198519344013 75 None 0.3466131077213091 None 0.8500187237887147 24.38225259025502 0.299321692128566 5.664963223888113 0.9303853401148493 0.2772834179796598
