2.4312657576096037 26.087311733469683 174 None 0.5581118772390723 None 1.6887453049121708 6.39354921526342 0.5432679814797322 1.830104407585467 0.04306568969003635 0.41308469636027717
1.652815653275647 26.025810957218297 94 None 0.30740379035452964 None 1.1138166363665247 9.310609535327622 0.2247943492451612 1.8185949393523173 0.1130943400408284 0.16917182480276635
1.152951783856548 26.000518595272077 84 None 0.25583569963451724 None 0.36913845985650384 21.374549935272313 0.1717738884413916 6.0885136272973925 0.1380031552266184 0.10867236826261208
1.1244841109077537 26.0004372583251 80 None 0.38265216443524497 None 0.4381356096694964 21.552578406290223 0.1540254922326659 5.233269241385025 0.13645266572292247 0.15166377411226276
1.104847508962662 26.000423541566317 77 None 0.463206680475471 None 0.3929553014614128 21.730981540509504 0.14051840422010356 4.737607117188283 0.16659370953457195 0.49905976652582495
1.0891755980088775 26.000289490162395 77 None 0.5604456921137657 None 0.3619765780666062 21.53625805234971 0.1381022388556446 4.289434449362837 0.14079491796928478 0.09782442341982131
1.0388176951347132 26.000724430832694 98 None 0.4694194443417276 None 0.28954781902263993 21.623023210952905 0.2472230301448787 4.189264406435415 0.11912219870658526 0.3093670123003409
1.4384733200515034 26.000605554723222 96 None 0.46963740716872165 None 0.5562521599108053 22.609355733326396 0.2210580023100538 3.981882636889018 0.8967454309019786 0.10843687490300108
1.8702793061243552 26.039286464224034 93 None 0.48342068256332243 None 1.1899172374366596 22.818900011794916 0.266247191065137 3.721881927745738 0.8118136820509104 0.08158399852081452
2.1998790062405713 26.009319564087967 95 None 0.7565517380839231 None 0.38527055577529157 22.708598822193856 0.27362054118299584 3.847924187494991 0.7536234382191698 0.08969246191562015
36.76955262170047 36.76955262170047 None None None None 33.4939213495984 33.831898675245064 11.292192954300372 11.28652180053461 1.0199898792557072 0.13255044271007232
